.Random.seed <-
c(10403L, 10L, 949149449L, 1984262552L, 1356994758L, 1221470753L, 
-1432407373L, -1624440798L, 1809160724L, -1462870377L, -1650421619L, 
-1832606300L, -62036086L, 489849845L, -581948849L, 805875030L, 
1983678464L, -142911165L, 772642017L, -2122011056L, -528436562L, 
1210242649L, -157770133L, -1413950502L, -2081241956L, 1896681119L, 
1481737461L, -577526388L, 1154637922L, -1446383555L, -973215049L, 
734728542L, 1933875352L, 1322165243L, -1491709543L, 323645992L, 
-447102250L, 779626321L, 781011459L, -1177125486L, 1131399972L, 
768110055L, 842656317L, -1231444812L, -978558182L, 1376520293L, 
-2107678465L, -1914973818L, 2042365712L, 1401750451L, -1428340655L, 
-933407744L, -264612642L, 278030121L, 923515611L, 52892138L, 
1942772108L, 346431183L, 735404677L, 970193212L, -2123275246L, 
1975814925L, 1964005447L, 516389422L, 284009352L, -1040290165L, 
-1283571607L, -1218393032L, 307723494L, -1412709247L, 1638372371L, 
1683637186L, 745446516L, 880931447L, 1037192045L, 1108749316L, 
-380451030L, -2144742251L, 1771160367L, -430083530L, 320308832L, 
603444387L, 390266817L, 1201036208L, -746488114L, 650951737L, 
1075552843L, 1324701690L, 1941533436L, -1034127553L, 1472444437L, 
-1223767252L, 1924317186L, -387282211L, 1939591639L, -735732546L, 
-635226376L, 292111579L, -926779591L, -406134136L, 478529078L, 
-1864771983L, -770317149L, -1991315982L, -453165756L, -1171276281L, 
-85066787L, 1538938068L, 1558342650L, 109263685L, 1838251935L, 
-173673178L, 2101689776L, -1628187053L, -1226133135L, -539576160L, 
720652350L, -561561783L, 787228155L, -67032630L, -535558356L, 
-1326737617L, -998165019L, 1745295516L, 407588082L, 1214907757L, 
1360806567L, 1060023502L, -426835416L, -1892797909L, -1005250487L, 
255674712L, -644722682L, -1248149023L, 2039245683L, 1651777506L, 
-359909548L, 739555927L, 242481741L, 388267492L, -788670518L, 
76511797L, 75628687L, -1194761834L, 1238596928L, 1496461315L, 
595407393L, -478063344L, 1977424622L, 326133401L, 833980203L, 
488096282L, -1995554596L, -1189184289L, 357747381L, -1427899316L, 
953016482L, 398082045L, 2094873847L, 1942719006L, -561281832L, 
-884516805L, 1923383769L, -815130776L, -12871018L, 315827217L, 
1382225347L, 615659986L, -720064412L, 1627189159L, 1321181437L, 
-483207948L, 1989325786L, 986769189L, -686313921L, -2001005114L, 
1486762576L, -1463955853L, -737901935L, -1201014080L, 731110558L, 
1364070505L, 1484246171L, -1288698454L, 884352460L, -589723505L, 
156977349L, -836745092L, 1025836242L, -415278003L, -315552505L, 
-230477586L, 601268680L, 782083787L, 2033301289L, -1730707592L, 
-1839553370L, 836150977L, 1190797139L, -898655230L, 1037543732L, 
-925982025L, 1338982061L, 492810180L, 880580586L, 1794095189L, 
-1817238033L, 1754598902L, -1040319712L, 37524707L, -1666805375L, 
1773660144L, 2019296910L, 1834379769L, 1748460427L, -1467043910L, 
-334627140L, 787748351L, -1358998699L, 819471468L, 890781890L, 
-1458035939L, 652491159L, -161103618L, 567554744L, -920490853L, 
1306770169L, -432591800L, 71159670L, 1887103010L, -861823704L, 
1904555532L, -99867844L, -1139338254L, 332816112L, 1319914052L, 
1940459096L, -542682310L, 1125323248L, -837787972L, -838943468L, 
-963789118L, -863502240L, 592627580L, 1017715664L, 1206123810L, 
1098942120L, -1434981492L, -510559044L, -688134350L, 77255232L, 
-7915340L, -1938470328L, 1186061754L, 870617616L, 1989369580L, 
2084244820L, -303753966L, -765019744L, 1842028236L, -556612000L, 
-825125950L, -697138392L, -494576724L, -274952388L, 1703812466L, 
1951403824L, 2076202276L, -647537864L, 617430746L, 173286288L, 
-9602308L, -1076046956L, -1145909182L, 853426432L, 2050815036L, 
-2025700016L, -1946124126L, 1913077064L, -406439156L, -12590372L, 
740458834L, -910425984L, 1038642260L, -1841447960L, 2097927418L, 
-1228873904L, -268226772L, -1655022220L, 173899666L, -999523232L, 
538817932L, 798296928L, -1299733022L, 1160225704L, 1321935052L, 
1154391036L, 206647730L, -941736464L, 1952440260L, -1910873768L, 
608515450L, -154091600L, -535259716L, 1349166164L, 588851138L, 
930715680L, 905832636L, -1161259440L, 554127330L, -1317259160L, 
-1545559988L, -353778436L, 284604402L, -1169150720L, 36517236L, 
431220744L, 398136250L, 51258832L, 1747742700L, 1041091988L, 
432650706L, 1986503008L, -1963046068L, -1240319712L, -108472446L, 
1566926568L, 1675079916L, 1379751996L, -872681614L, 910970480L, 
-1466434524L, 2106177336L, -1848228710L, -1536744752L, 1741064380L, 
-2133784940L, 1814711938L, 959219904L, 550764348L, 1541243024L, 
-602372574L, 1858505736L, 1948773644L, 1402952860L, 299311634L, 
1285337984L, -366594540L, 235562536L, -1954869958L, -2010221104L, 
1303978092L, -568216268L, 824738450L, -569145504L, -1311981748L, 
426131424L, -1181684830L, -743982168L, -1137133172L, 1842443452L, 
1459216754L, -1201790736L, -1186717628L, -1570091688L, 492724794L, 
-1969950864L, -1820255172L, -1329128684L, 1561499074L, 73967328L, 
849515388L, -1851108656L, 517104802L, 1506150440L, 1981864204L, 
-747469892L, 405443890L, -25513536L, -1201163724L, 100894664L, 
1258132666L, 380590480L, 424960492L, -92729772L, 584912018L, 
-1815880928L, -1920642612L, 176770528L, 1624465090L, 1762631720L, 
-462803284L, -250228548L, 125449714L, -1236742864L, -1214122844L, 
-1114533192L, 1879484762L, 325800336L, 502054780L, -1528637164L, 
-2063417534L, 260898560L, 1392100284L, 2143603536L, -1722970334L, 
1199850824L, 1025500684L, -1349455780L, 1104345298L, 184755712L, 
34711892L, 1463186920L, 1723814906L, 493092048L, 1822091564L, 
502437620L, -873351790L, 1627644000L, 721184012L, -7040288L, 
2027804002L, 743197352L, -743935412L, -745017988L, 832491826L, 
468851824L, 508158788L, 1212111320L, 249900154L, -1607852496L, 
640168636L, -328938668L, -1560575934L, -1019033184L, -1952893252L, 
-437144112L, -1037185694L, -695418904L, 460787660L, -1771169028L, 
1995312626L, 481592448L, -212139788L, -165158264L, -937745606L, 
-2034090160L, 629797484L, 1836873876L, 627466578L, 1774544608L, 
1431813836L, 1472692384L, 239912834L, 1700669160L, 1426562796L, 
-100633937L, -1002108487L, -408235058L, -1931277540L, 800285325L, 
1075505911L, -1548517888L, 1585813598L, 16225067L, 4735021L, 
842868890L, -1129694120L, 1393388481L, -1865792397L, -1195242092L, 
1882141730L, -650190025L, 1330071041L, 1209632518L, -2022360252L, 
194932341L, 1416007647L, 1861780280L, -766540522L, -549144285L, 
817201893L, -114824446L, 977150320L, 1969981721L, -1477736181L, 
-1963980292L, -2012814806L, 635171423L, -1806241303L, 944331518L, 
-1668328724L, -1166376387L, 1639768583L, -516676112L, -564755058L, 
-734979141L, 1348547997L, 583768906L, -1795170456L, 2097959249L, 
635929155L, -1470462140L, -1945375758L, 596189639L, 922425233L, 
1211817750L, -2122019980L, -550301179L, -1446256049L, -575340984L, 
-2099576858L, -1346940653L, -839369099L, 405517394L, -104726880L, 
-929940599L, -549648453L, -965720052L, 435766682L, 137946383L, 
613927769L, -817179154L, 548860028L, -1472588563L, -888634473L, 
-2090869664L, -1886773698L, -1411795189L, -79868531L, 369440442L, 
165074168L, -1537514847L, 826557011L, -1830314636L, -722922750L, 
-1847520361L, -1837197983L, 572462502L, -1532909660L, -911932843L, 
-671952129L, -1985972328L, 1299249334L, -696275645L, 1162603653L, 
-346794718L, 1396653584L, -1150304839L, 1756364395L, 1638158684L, 
-541267830L, 869130367L, 829493705L, -145878434L, 531990796L, 
1219341533L, 362441191L, 1267208720L, 788385582L, 2125312987L, 
-1728658243L, -247974358L, -706893112L, -647999503L, 1060503907L, 
-1136971420L, 40121490L, 1053493607L, 1050790705L, -978997130L, 
1634232724L, -630108763L, 978650799L, 566689640L, 636506950L, 
1945297651L, -844252075L, -235360206L, -1399411200L, -334078231L, 
-1850843813L, 1905512364L, 1495372730L, 1776799087L, -1199888647L, 
1439178638L, 1264613980L, -2019878707L, -731314121L, 1044927168L, 
-396130914L, -711260565L, -2135417363L, 711257178L, -633808104L, 
-1350352767L, 1576236595L, -677786540L, -652973982L, -1546068233L, 
594800961L, -706451514L, -750691068L, -1414359883L, -566053985L, 
